18 34 21 39 16 15 6 17 33 32 1 25 43 9 2 38 22 12 11 29 37 7 47 24
0 0 4
0 0 6
0 0 0
0 0 0
18 34 21 39 16 15 17 33 32 1 25 43 9 4 2 38 22 12 11 29 37 7 47 24
0 0 24
0 0 25
0 0 0
0 0 0
0 0 0
0 0 0
0 0 0
0 0 0
0 36 36
0 7 11
0 0 0
0 0 0
33 0 10
9 0 9
0 0 0
0 0 0
0 7 0
0 32 32
0 26 0
0 22 22
0 46 46
0 47 47
0 0 18
0 0 21
0 47 47
0 18 18
0 0 26
0 0 1
0 33 11
0 36 36
0 42 42
0 29 29
7 0 0
2 0 0
0 0 50
0 0 0
8 8 8
7 33 4
0 44 44
0 26 16
0 32 0
0 8 0
0 0 0
0 0 0
0 18 18
0 47 47
0 47 47
0 7 7
0 0 0
0 0 0
0 0 0
0 0 37
0 43 0
0 12 0
7 0 32
33 0 33
2 0 2
7 0 32
7 0 32
2 0 2
0 0 0
0 0 50
0 0 35
0 0 11
0 0 41
0 0 0
0 0 30
0 0 0
0 35 0
0 46 46
0 8 0
0 18 18
0 41 0
0 43 43
0 26 16
0 44 44
0 0 0
0 0 30
0 7 7
0 47 47
0 19 19
0 26 0
34 26 0
8 8 8
10 17 0
7 7 7
0 3 3
0 17 10
0 17 0
0 32 32
10 34 39 16 15 17 26 35 19 42 38 41 3 24
